5314
226
324
222
893
268
64
70
1230
23
27
19
493
151
148
95
665
21
60
15
115
14
16
10
46
13
17
11
67
6
14
26
246
8
29
18
24
47
12
16
54
48
11
10
22
26
354
7
128
82
23
39
79
12
42
11
17
26
19
20
29
11
8
3
66
134
148
40
76
793
13
34
62
95
20
29
45
28
52
17
424
8
52
159
21
263
21
11
20
16
43
22
17
151
16
132
22
103
38
98
67
119
64
22
194
106
70
12
57
41
57
81
42
8
91
115
194
363
33
12
29
17
14
4
11
46
14
20
31
27
8
1253
26
202
6
3
51
427
18
558
25
338
42
8
123
5
5
5
19
11
7
5
14
9
8
10
13
8
14
5
18
11
12
7
20
6
9
8
40
6
5
9
12
12
10
6
26
3
10
6
26
10
34
8
37
8
5
7
27
9
44
6
75
39
51
170
497
11
28
48
73
197
14
1
23
2
10
6
56
12
7
10
30
6
10
10
63
9
12
15
37
14
20
12
87
25
15
25
29
197
17
28
609
63
11
89
664
4
17
51
96
19
50
85
106
19
17
21
185
16
17
26
136
94
51
1726
